Lists of Restrictions:
- No rules for Page 0
- No rules for Page 1
- No rules for Page 2
- No rules for Page 3
- No rules for Page 4
- No rules for Page 5
- No rules for Page 6
- No rules for Page 7
- No rules for Page 8
- No rules for Page 9
- No rules for Page 10
- Before Page11, print: 14, 17, 18, 26, 27, 37, 38, 42, 45, 46, 51, 52, 53, 55, 62, 63, 65, 74, 77, 78, 88, 92, 96, 97, 
- Before Page12, print: 11, 14, 17, 18, 26, 27, 31, 37, 38, 45, 46, 53, 55, 57, 59, 61, 62, 63, 65, 68, 77, 88, 92, 97, 
- Before Page13, print: 11, 12, 14, 26, 29, 31, 39, 41, 45, 46, 53, 54, 55, 57, 59, 61, 65, 68, 71, 76, 82, 84, 92, 97, 
- Before Page14, print: 17, 18, 23, 24, 26, 27, 37, 38, 42, 46, 48, 51, 52, 53, 56, 62, 63, 73, 74, 77, 78, 88, 96, 97, 
- No rules for Page 15
- No rules for Page 16
- Before Page17, print: 13, 18, 23, 24, 27, 29, 38, 42, 48, 51, 52, 56, 62, 63, 73, 74, 77, 78, 83, 85, 88, 94, 96, 98, 
- Before Page18, print: 13, 23, 24, 27, 29, 38, 39, 42, 48, 51, 52, 56, 63, 71, 73, 74, 77, 78, 83, 85, 88, 94, 96, 98, 
- No rules for Page 19
- No rules for Page 20
- No rules for Page 21
- No rules for Page 22
- Before Page23, print: 11, 12, 13, 24, 29, 31, 39, 41, 48, 54, 56, 57, 59, 61, 68, 71, 73, 76, 82, 83, 84, 85, 94, 98, 
- Before Page24, print: 11, 12, 13, 29, 31, 39, 41, 48, 54, 55, 56, 57, 59, 61, 68, 71, 73, 76, 82, 83, 84, 85, 94, 98, 
- No rules for Page 25
- Before Page26, print: 17, 18, 23, 24, 27, 37, 38, 42, 48, 51, 52, 56, 62, 63, 73, 74, 77, 78, 85, 88, 94, 96, 97, 98, 
- Before Page27, print: 13, 23, 24, 29, 39, 41, 42, 48, 51, 52, 54, 56, 71, 73, 74, 76, 78, 82, 83, 84, 85, 94, 96, 98, 
- No rules for Page 28
- Before Page29, print: 11, 12, 14, 26, 31, 37, 39, 41, 45, 46, 53, 54, 55, 57, 59, 61, 65, 68, 71, 76, 82, 84, 92, 97, 
- No rules for Page 30
- Before Page31, print: 11, 14, 17, 18, 26, 27, 37, 38, 42, 45, 46, 52, 53, 55, 57, 62, 63, 65, 74, 77, 88, 92, 96, 97, 
- No rules for Page 32
- No rules for Page 33
- No rules for Page 34
- No rules for Page 35
- No rules for Page 36
- Before Page37, print: 13, 17, 18, 23, 24, 27, 38, 42, 48, 51, 52, 56, 62, 63, 73, 74, 77, 78, 83, 85, 88, 94, 96, 98, 
- Before Page38, print: 13, 23, 24, 27, 29, 39, 41, 42, 48, 51, 52, 56, 63, 71, 73, 74, 77, 78, 83, 85, 88, 94, 96, 98, 
- Before Page39, print: 11, 12, 14, 17, 26, 31, 37, 41, 45, 46, 53, 54, 55, 57, 59, 61, 62, 65, 68, 76, 82, 84, 92, 97, 
- No rules for Page 40
- Before Page41, print: 11, 12, 14, 17, 18, 26, 31, 37, 45, 46, 53, 54, 55, 57, 59, 61, 62, 65, 68, 76, 82, 84, 92, 97, 
- Before Page42, print: 12, 13, 23, 24, 29, 39, 41, 48, 51, 52, 54, 56, 71, 73, 74, 76, 78, 82, 83, 84, 85, 94, 96, 98, 
- No rules for Page 43
- No rules for Page 44
- Before Page45, print: 14, 17, 18, 23, 24, 26, 27, 37, 38, 42, 46, 51, 52, 53, 62, 63, 65, 74, 77, 78, 88, 92, 96, 97, 
- Before Page46, print: 17, 18, 23, 24, 26, 27, 37, 38, 42, 48, 51, 52, 56, 62, 63, 73, 74, 77, 78, 88, 94, 96, 97, 98, 
- No rules for Page 47
- Before Page48, print: 11, 12, 13, 29, 31, 39, 41, 45, 54, 55, 56, 57, 59, 61, 68, 71, 73, 76, 82, 83, 84, 85, 94, 98, 
- No rules for Page 49
- No rules for Page 50
- Before Page51, print: 12, 13, 23, 24, 29, 31, 39, 41, 48, 54, 56, 57, 59, 61, 68, 71, 73, 76, 82, 83, 84, 85, 94, 98, 
- Before Page52, print: 12, 13, 23, 24, 29, 39, 41, 48, 51, 54, 56, 59, 71, 73, 74, 76, 78, 82, 83, 84, 85, 94, 96, 98, 
- Before Page53, print: 17, 18, 23, 24, 26, 27, 37, 38, 42, 46, 48, 51, 52, 56, 62, 63, 73, 74, 77, 78, 88, 96, 97, 98, 
- Before Page54, print: 11, 12, 14, 17, 18, 26, 31, 37, 38, 45, 46, 53, 55, 57, 59, 61, 62, 63, 65, 68, 76, 88, 92, 97, 
- Before Page55, print: 14, 17, 18, 23, 26, 27, 37, 38, 42, 45, 46, 51, 52, 53, 62, 63, 65, 74, 77, 78, 88, 92, 96, 97, 
- Before Page56, print: 11, 12, 13, 29, 31, 39, 41, 45, 54, 55, 57, 59, 61, 65, 68, 71, 73, 76, 82, 83, 84, 85, 94, 98, 
- Before Page57, print: 11, 14, 17, 18, 26, 27, 37, 38, 42, 45, 46, 52, 53, 55, 62, 63, 65, 74, 77, 78, 88, 92, 96, 97, 
- No rules for Page 58
- Before Page59, print: 11, 14, 17, 18, 26, 27, 31, 37, 38, 42, 45, 46, 53, 55, 57, 61, 62, 63, 65, 68, 77, 88, 92, 97, 
- No rules for Page 60
- Before Page61, print: 11, 14, 17, 18, 26, 27, 31, 37, 38, 42, 45, 46, 52, 53, 55, 57, 62, 63, 65, 68, 77, 88, 92, 97, 
- Before Page62, print: 13, 18, 23, 24, 27, 29, 38, 42, 48, 51, 52, 56, 63, 71, 73, 74, 77, 78, 83, 85, 88, 94, 96, 98, 
- Before Page63, print: 13, 23, 24, 27, 29, 39, 41, 42, 48, 51, 52, 56, 71, 73, 74, 77, 78, 83, 84, 85, 88, 94, 96, 98, 
- No rules for Page 64
- Before Page65, print: 14, 17, 18, 23, 24, 26, 27, 37, 38, 42, 46, 48, 51, 52, 53, 62, 63, 74, 77, 78, 88, 92, 96, 97, 
- No rules for Page 66
- No rules for Page 67
- Before Page68, print: 11, 14, 17, 18, 26, 27, 31, 37, 38, 42, 45, 46, 52, 53, 55, 57, 62, 63, 65, 77, 88, 92, 96, 97, 
- No rules for Page 69
- No rules for Page 70
- Before Page71, print: 11, 12, 14, 17, 26, 31, 37, 39, 41, 45, 46, 53, 54, 55, 57, 59, 61, 65, 68, 76, 82, 84, 92, 97, 
- No rules for Page 72
- Before Page73, print: 11, 12, 13, 29, 31, 39, 41, 45, 54, 55, 57, 59, 61, 65, 68, 71, 76, 82, 83, 84, 85, 92, 94, 98, 
- Before Page74, print: 12, 13, 23, 24, 29, 39, 41, 48, 51, 54, 56, 59, 61, 68, 71, 73, 76, 78, 82, 83, 84, 85, 94, 98, 
- No rules for Page 75
- Before Page76, print: 11, 12, 14, 17, 18, 26, 31, 37, 38, 45, 46, 53, 55, 57, 59, 61, 62, 63, 65, 68, 77, 88, 92, 97, 
- Before Page77, print: 13, 23, 24, 27, 29, 39, 41, 42, 48, 51, 52, 54, 56, 71, 73, 74, 78, 82, 83, 84, 85, 94, 96, 98, 
- Before Page78, print: 12, 13, 23, 24, 29, 31, 39, 41, 48, 51, 54, 56, 59, 61, 68, 71, 73, 76, 82, 83, 84, 85, 94, 98, 
- No rules for Page 79
- No rules for Page 80
- No rules for Page 81
- Before Page82, print: 11, 12, 14, 17, 18, 26, 31, 37, 38, 45, 46, 53, 54, 55, 57, 59, 61, 62, 63, 65, 68, 76, 92, 97, 
- Before Page83, print: 11, 12, 13, 14, 26, 29, 31, 39, 41, 45, 46, 53, 54, 55, 57, 59, 61, 65, 68, 71, 76, 82, 84, 92, 
- Before Page84, print: 11, 12, 14, 17, 18, 26, 31, 37, 38, 45, 46, 53, 54, 55, 57, 59, 61, 62, 65, 68, 76, 82, 92, 97, 
- Before Page85, print: 11, 12, 13, 14, 29, 31, 39, 41, 45, 46, 53, 54, 55, 57, 59, 61, 65, 68, 71, 76, 82, 83, 84, 92, 
- No rules for Page 86
- No rules for Page 87
- Before Page88, print: 13, 23, 24, 27, 29, 39, 41, 42, 48, 51, 52, 56, 71, 73, 74, 77, 78, 82, 83, 84, 85, 94, 96, 98, 
- No rules for Page 89
- No rules for Page 90
- No rules for Page 91
- Before Page92, print: 14, 17, 18, 23, 24, 26, 27, 37, 38, 42, 46, 48, 51, 52, 53, 56, 62, 63, 74, 77, 78, 88, 96, 97, 
- No rules for Page 93
- Before Page94, print: 11, 12, 13, 14, 29, 31, 39, 41, 45, 53, 54, 55, 57, 59, 61, 65, 68, 71, 76, 82, 83, 84, 85, 92, 
- No rules for Page 95
- Before Page96, print: 12, 13, 23, 24, 29, 39, 41, 48, 51, 54, 56, 59, 61, 71, 73, 74, 76, 78, 82, 83, 84, 85, 94, 98, 
- Before Page97, print: 17, 18, 23, 24, 27, 37, 38, 42, 48, 51, 52, 56, 62, 63, 73, 74, 77, 78, 83, 85, 88, 94, 96, 98, 
- Before Page98, print: 11, 12, 13, 14, 29, 31, 39, 41, 45, 54, 55, 57, 59, 61, 65, 68, 71, 76, 82, 83, 84, 85, 92, 94, 